211
329
454
318
115
95
464
400
132
76
238
303
490
90
455
44
250
43
119
487
19
144
335
330
326
212
219
97
102
379
326
46
225
102
25
425
188
109
360
155
98
62
411
166
302
421
53
158
79
155
439
434
495
277
153
135
453
486
463
403
101
171
436
461
177
457
422
270
215
211
427
140
453
92
43
400
374
45
70
251
79
378
210
455
307
128
408
476
446
302
394
13
269
80
338
479
456
221
383
341
58
499
250
446
96
66
213
263
242
184
173
29
8
317
490
354
497
175
391
129
175
238
350
223
291
69
42
94
239
487
306
38
277
238
288
10
365
120
351
19
58
170
483
275
316
329
410
259
168
364
129
128
261
338
429
423
211
461
445
100
121
57
43
27
394
253
73
165
221
144
383
486
152
23
409
64
103
391
89
306
77
407
144
275
488
39
317
333
454
242
303
58
185
223
464
435
501
278
371
492
326
159
291
418
467
164
81
373
224
486
298
274
187
196
317
23
326
483
483
78
397
494
318
166
438
389
473
79
174
390
457
342
411
158
35
270
453
213
167
139
91
161
477
133
358
33
5
13
212
209
284
262
227
407
267
253
427
211
461
242
153
394
404
105
134
179
84
465
62
173
334
299
126
408
323
289
409
344
252
301
34
429
334
223
117
394
12
142
272
161
312
306
424
373
203
69
198
310
123
64
65
306
35
45
139
389
368
281
456
139
75
510
325
98
126
339
148
231
21
230
57
356
37
305
480
60
137
65
259
216
293
492
126
10
369
456
236
56
272
246
300
197
267
13
433
403
215
352
263
290
45
245
191
298
374
161
330
34
262
281
314
487
465
127
183
418
440
24
200
96
321
79
256
225
276
343
183
341
426
32
435
133
426
196
508
108
270
173
253
186
48
90
326
181
185
113
98
492
5
431
45
170
143
11
271
62
300
259
489
268
330
310
52
17
258
181
368
20
415
8
432
113
276
491
323
117
74
130
186
190
467
363
202
34
66
322
126
349
325
509
125
56
400
331
408
11
231
150
131
75
105
12
164
230
508
274
252
89
25
151
114
450
497
506
166
128
430
308
473
510
419
137
401
214
188
266
434
25
60
225
342
260
103
404
238
244
132
289
265
379
69
339
149
232
471
423
315
491
258
41
106
181
97
312
93
289
351
324
181
95
177
473
