2913
2292
4273
5564
6959
5226
3457
6216
1794
7548
5464
5720
1666
919
5206
2504
7077
6
2026
2297
3542
4282
6863
3214
1788
3188
4484
5386
4241
6365
5177
2781
1111
5806
8165
5733
1774
1767
7303
7132
1725
4607
3215
6283
4421
3356
5653
2566
2308
5092
615
4483
7073
2025
3110
6223
1724
8139
5293
5774
5993
8016
4294
1214
1473
3074
5435
2739
1029
916
6379
8088
7176
7985
7630
3081
1292
1375
2558
740
819
2105
3151
8099
2857
3295
2865
2925
392
5545
2641
6419
5104
475
4643
2139
796
6345
7136
6559
5590
1700
6052
7111
166
1088
450
1089
2836
85
4862
5185
4512
7815
5419
743
5105
3914
6592
964
2111
4790
280
5966
6135
1965
7291
2606
8022
4172
4919
3659
1105
33
4472
6484
726
5948
3701
1335
3948
4729
5740
2054
4304
1480
1064
2213
1124
2654
1108
6075
7830
1850
7019
1945
1217
421
5700
3446
65
7202
4908
6551
383
3429
3870
7653
4018
6153
5161
3128
4884
6452
6776
228
7545
6713
4996
7494
6179
4761
3764
5236
5023
5059
3007
5130
1351
7107
4783
1686
7111
1697
5911
3499
2687
7728
4814
6532
6889
909
1087
557
5589
3978
3798
4758
2797
2087
6943
5207
6600
7453
3186
5963
7201
4496
895
7291
4412
1272
1640
1925
7215
6058
224
2815
6292
925
8075
2897
6337
3851
4409
2306
5775
1666
5565
8084
4467
3992
3780
8062
2264
8118
1045
5334
5505
1851
1338
3411
4698
5047
7424
1828
1565
467
5380
164
1308
6967
7817
2475
6968
6201
4902
4749
7981
4118
1674
6342
7967
3750
4464
6990
3725
1420
7678
6401
4726
6449
5473
7238
88
3005
5400
5833
341
2642
8031
8122
6010
8018
3707
1308
7692
7879
350
4054
1288
1174
4571
4631
4359
3568
6105
5433
7525
43
7625
3520
587
3132
529
2523
5161
2314
7486
5418
1967
7646
4401
1892
772
4113
323
6991
1824
697
2043
5154
5111
6346
1520
4337
6028
6224
2021
3529
3112
358
5781
7841
3340
1116
5019
2068
6337
7095
3491
6849
7997
1463
5358
2803
2555
952
3192
6462
5177
4778
6870
3157
3492
5876
2107
1405
7413
1712
1950
3951
1583
2048
7398
7860
3865
541
5430
480
1737
569
3044
2170
3110
7003
899
6951
5860
5551
5209
6028
2495
1732
1305
5357
346
4080
883
5791
1264
3192
1193
3219
6289
4030
4927
1324
7434
7865
1491
1568
2666
6740
1431
4421
895
3151
5201
8004
937
3205
7393
7113
2897
4341
682
1086
1311
4296
466
713
4086
2158
7648
2192
1489
5737
8167
7993
2016
5864
6435
508
6222
4530
6221
1254
4362
3744
3517
3138
7259
6899
7506
5927
197
7644
7692
3333
1118
7675
5214
1898
4875
1796
3309
5234
6218
7898
2861
7804
2861
1800
3884
476
5029
5646
2829
1591
1237
2983
6991
1375
452
1266
4166
5224
6650
586
6872
3799
1816
3742
1609
6882
2402
1828
4317
491
5731
7890
1941
7210
3685
49
1975
6459
7331
3688
69
2432
7406
5148
138
7821
4237
5451
3577
4657
4302
6990
2458
6052
7764
4776
4030
391
1513
6672
3494
5098
2244
1878
2402
451
6317
6181
6812
6446
6275
2438
6637
8053
7995
4495
4368
6534
196
6835
3050
7416
1826
4286
3931
3025
4342
5884
3709
583
6268
1147
1143
6998
650
825
1914
2964
4547
2289
5008
6224
4440
4640
7344
2017
3995
768
6359
4622
615
349
1600
31
1580
4543
6878
2189
3401
1087
4670
469
6554
7849
6755
8134
7915
544
5878
2072
2064
3636
7152
5174
1277
6682
1498
7977
1418
2208
715
5068
7386
3726
5626
3501
4172
2873
3465
1287
5299
8164
4031
1758
3797
201
2319
7564
8006
7869
3715
6947
485
6799
4423
4674
2011
3282
4601
8170
5616
3520
7260
2323
3401
5716
4743
6097
3682
4623
4518
2194
1104
737
6596
630
5282
4645
4502
2602
797
6666
6968
3999
6418
1057
8095
5255
5114
6687
1256
2606
5419
5894
742
4864
7277
4277
608
5033
7614
4547
442
860
3005
5446
3481
8046
6784
3802
7457
2285
6313
5658
4312
8036
3128
1467
4350
5092
1606
7434
5767
4625
6404
6140
4276
7632
1369
3403
7753
3399
38
6415
5917
6725
3870
5573
5396
5652
2130
1246
3074
2328
4828
5802
1767
6251
2593
1224
5862
1213
5880
4826
3315
454
5012
5890
7660
4656
7499
7980
3537
362
2248
7169
7780
7187
7696
3460
3163
948
2448
4947
2610
7899
1430
4750
5214
3913
5918
1975
609
6959
3256
2808
209
2287
1147
3322
4627
5574
8034
6758
2504
6750
24
406
5891
2558
5493
7636
3770
1360
4714
6430
4066
1273
3130
5802
7261
1859
747
4378
5274
387
6337
2626
2981
5483
6907
1812
7560
380
415
4316
7586
5683
1779
1055
3630
1365
2504
7193
6549
8184
3823
4462
6800
393
7580
3103
4291
4730
6285
1488
759
4307
1518
8077
5395
3709
3934
788
4440
5068
5869
2189
6096
5957
2887
3022
7838
800
4143
7122
5244
7122
6372
817
557
3872
7324
8190
2136
7154
2803
4215
5469
5381
3361
7397
4250
2924
1939
1472
4883
4770
7898
5174
7626
7202
5176
3053
6049
667
2833
5133
2593
7971
2950
6191
5120
4684
6816
2958
5898
3276
2466
4983
1943
6116
6674
3289
4115
4561
6175
4421
3500
6110
7629
736
3333
7672
5125
367
1158
5946
1822
491
5530
7191
716
6194
410
6086
1805
3562
1643
2480
3850
2375
5818
4072
7133
3906
2539
1224
7215
4829
39
8148
3425
5938
7553
2984
2740
1143
3463
4458
2174
5885
5524
5157
2718
1227
2252
6098
2721
4870
3720
1307
961
6780
6569
7030
8078
1529
1916
198
1334
1467
7153
3023
2651
3633
5635
4120
4629
5572
4799
3177
1948
3576
5512
4720
3938
826
4194
7996
2717
4831
3489
5160
4629
3035
7984
1841
6340
6323
6995
5467
414
4119
6852
6418
7312
7015
6881
6750
7996
174
916
6300
2610
4810
6339
6134
4000
2705
8126
614
896
6986
3795
8011
5074
5896
2854
4500
1463
1272
2469
4335
5977
4313
1044
3984
3302
39
6586
3583
1001
1465
7365
3870
4865
1032
4545
1306
6592
5482
2868
8099
3471
81
7340
2534
1856
8116
2016
1276
7113
7094
7297
911
1128
7673
950
6320
856
4108
2205
2816
5445
1994
1468
7755
1085
2235
760
7189
418
7722
5331
4990
695
1982
274
6598
5283
6232
6613
5835
6238
6801
4537
7546
915
5048
5144
5002
1872
6369
7905
3795
66
3870
6632
2611
254
500
2022
776
806
3513
1443
4456
1776
5241
4283
3318
2458
5346
1265
8150
3173
2962
6096
5127
6014
4073
7164
3939
2854
2962
2993
6935
3102
5036
350
3559
5617
1639
840
3825
1996
2387
4873
7883
5454
6652
1939
5267
3191
6566
10
1224
2897
3553
2619
6408
7839
700
236
1897
3190
5923
6579
7881
7685
4198
5274
1875
3561
2864
6793
7822
4889
167
6380
1852
1853
6559
5586
1153
534
4036
1192
1936
4409
3574
4368
964
4855
3423
4822
6224
4921
7117
159
2309
2785
8091
4138
6487
5292
6932
1527
778
3526
2468
5094
4030
3309
7300
5206
6193
621
4607
1974
3945
1362
2474
1443
361
4893
874
4792
29
4049
1299
2676
5435
3763
3221
3924
276
2372
7321
1137
7276
7075
6135
2339
5175
8
221
7771
227
8087
6143
2314
4364
5404
402
5371
7421
1837
7299
5642
4923
3656
4278
452
3525
7291
537
730
3455
3466
3614
5546
4333
6272
6296
3102
668
734
1281
5568
7869
3397
2203
4558
5163
5869
3267
4167
474
3770
6854
7485
5512
4881
6993
4392
5418
247
156
1321
582
5428
3778
7559
5956
7609
945
5146
4018
6272
959
6851
6200
8015
5381
4398
6573
1973
1340
5383
7869
2577
542
4280
752
2001
7770
7465
151
379
7552
4325
633
3616
1291
7674
150
90
2900
2582
5505
7756
1959
4037
4827
4181
6629
3906
756
3567
329
1902
1302
585
1971
7535
1048
1289
6065
3968
4753
2859
6394
2536
7683
795
3805
7189
7150
7423
3872
6456
2040
2753
2430
5002
2216
1644
7790
948
7038
4878
198
3788
4915
5954
6200
6031
212
1597
2367
4575
4653
2606
5055
5532
292
940
1734
2895
5769
3785
486
6888
2405
7683
683
110
8028
3973
7311
4132
216
2413
316
1874
8090
6084
3986
2515
5596
8128
416
4887
7261
3487
3880
1159
2829
5201
5702
6945
2098
5661
479
6995
160
7024
5524
648
3542
5656
3432
2951
4415
1520
3184
4747
8035
5074
2227
8127
7591
6620
1100
7684
2300
4257
2497
7571
118
6756
3322
7446
507
1954
5375
8055
4497
7753
4449
4767
2373
3107
4511
6779
3077
6115
7897
1402
1140
7980
1035
6185
8189
1982
458
6020
1294
7994
2368
729
1704
5892
668
3396
220
6844
6396
4959
2840
4678
3988
6449
4112
6243
1521
6159
3267
1057
4707
2119
2152
7262
2649
2429
7113
537
8002
6120
4486
256
1829
2950
7430
4294
3112
8094
2393
1406
8078
2799
7798
5281
7362
6796
4546
2186
2754
4593
5074
1742
2238
6225
1453
6257
6394
7662
6830
4769
1049
4291
5767
2171
2176
914
4099
4953
560
6402
1787
5980
2936
4044
760
1536
5291
3663
1149
4917
5383
560
7074
3391
3182
5258
1167
1631
4828
4779
6680
6722
1549
4466
4784
6876
6835
4570
2660
7736
4900
7105
3182
6856
3250
4437
5459
8155
2878
6469
7177
6945
3614
7577
1551
2475
3397
3131
6816
572
946
4131
5093
6344
6164
7242
4774
4441
1973
2186
4064
2365
4262
3333
4664
7321
5409
7982
4798
4909
6343
5352
4109
778
1948
527
6580
4842
2348
7130
4420
8166
5749
591
5564
7347
3926
1624
6771
5742
4654
1108
6658
2190
3244
1167
1360
4750
4346
981
359
1214
6646
7966
3482
5210
5257
1797
5288
1659
2045
6870
3029
6917
909
6006
7247
1881
8083
7334
3953
4492
1968
2657
6719
7314
322
7812
3264
6444
6608
682
6047
3691
6756
3752
3692
7913
881
5072
6574
2900
4281
2168
1100
7832
4393
123
6543
7341
851
4313
3445
4144
6029
3627
4368
3268
6447
1941
5357
4687
4003
103
7816
476
6355
7343
7726
7751
2384
7726
4060
577
6539
6621
1486
7764
7521
7672
282
5753
4926
1392
8164
1482
6882
2955
645
4959
6986
6838
1904
772
1313
3414
2567
6655
6666
1968
5164
7861
1450
1849
4292
5149
1276
5665
4896
5286
3805
2290
6873
371
6464
7112
2198
7278
1068
910
697
729
1931
3419
6689
927
2535
3537
3130
8064
6462
7263
3641
2913
6058
8073
577
3485
758
6560
1525
4064
1093
6278
7139
609
4021
3111
2762
4084
6319
1288
3017
7280
6976
4702
7838
2472
3892
779
7539
7476
3947
5150
8044
7618
598
7239
3582
5225
876
190
7323
2157
4061
5186
6565
7472
6366
7351
1114
3658
3965
7963
2476
1142
6585
6912
3952
3473
4917
6229
74
115
1353
3902
4464
6132
5421
6486
3369
3213
1493
4637
3006
7096
1465
7117
965
6647
1758
1773
4735
7198
2720
657
5043
2157
4993
966
1486
5086
8154
4254
2018
1004
3508
7473
5773
4753
5710
4166
6152
7832
2878
3348
785
1634
1991
7144
4069
4500
3326
2178
3614
7023
2791
2518
2769
7784
4762
6568
6660
7687
5924
1041
537
4943
4865
3932
6214
3921
2614
5817
4896
5950
6427
974
5986
44
1445
4217
5874
743
4590
1214
4147
2208
2630
2093
5376
5309
3561
434
7827
3054
3259
23
7893
4349
7980
722
7175
5750
3436
371
5479
1021
314
4391
3919
7978
318
258
5767
6505
4970
8009
5545
4300
5102
6384
1624
7300
2010
3367
3700
5024
2362
7051
5662
5022
6882
1589
1732
1401
6836
2168
2847
6979
806
2774
4126
4771
5961
2332
6328
5730
4103
4359
2001
338
2199
3105
7067
5197
6531
3729
3741
2267
6516
5906
4420
2289
6028
7201
4650
4122
4694
5507
4802
6127
7576
6570
4708
2085
672
7651
4940
500
17
3071
426
2437
8158
269
8186
2270
6947
7433
3315
4453
2104
6520
3458
6015
7174
2032
7853
3921
2597
8174
511
8148
5474
5507
2716
936
3530
823
294
4159
2159
3411
6502
487
4353
4809
7884
1343
7960
237
7132
3212
6849
248
3426
478
5848
2592
2115
1980
5852
973
1956
4988
4296
1432
8021
7047
6842
428
379
923
8146
7754
6955
207
1952
918
4722
7460
5450
6089
6153
2381
211
4063
8140
1347
4680
4723
96
6258
2173
3013
2515
3104
665
4629
3361
934
7520
3235
1050
4445
1198
1176
6583
2692
5374
5411
2309
7822
6983
2419
6750
6278
5820
7953
6001
7258
5754
216
6940
4116
7289
6966
2391
7890
4629
1804
1568
8141
537
2890
6297
2883
5052
7050
5791
6677
6348
1945
7857
2029
5678
3772
5278
915
4585
2118
3273
2742
4544
6003
1363
7476
6435
2751
2033
7584
727
5083
3177
2058
3540
3378
259
3440
6336
3928
2504
4279
4593
3379
5646
4402
4069
8024
8185
4233
5192
4952
494
1819
3976
3596
2003
4646
7220
7441
2551
167
4172
4451
3568
2395
3973
25
1147
1436
302
4075
6719
5782
1514
4595
5439
1610
1191
1813
1730
2799
7804
8020
2618
7786
2061
4202
1732
1864
2836
4416
3652
2344
1127
4423
2149
2831
5788
3014
1547
4840
3743
3169
6446
785
3061
3331
4208
7942
4017
7293
4264
6333
7373
4112
2695
4057
300
918
6202
1531
7232
7236
6508
3628
3504
6418
6265
682
5554
7367
3553
6563
3398
7777
184
199
525
5280
6083
4666
5442
1621
5443
1377
1566
2876
1655
5201
1541
7108
4604
398
4932
4581
1124
5380
2967
6649
7060
7137
284
1174
4188
4082
3874
2024
1791
710
3857
4445
6738
5668
2228
2165
3577
1954
2287
1223
5755
2031
5924
2290
524
1386
2116
5720
6571
4515
2914
4744
1541
5157
5836
2159
6074
4077
1033
5301
5583
4185
4183
7516
4659
740
1427
2408
6073
4508
5875
3119
2984
7178
7671
2119
6482
7314
4514
1397
2894
3822
5583
5343
7137
1743
4547
5738
14
3946
465
3791
6436
6679
4853
1013
5615
2276
873
620
4691
5808
6238
3413
430
7611
5527
6723
6928
5113
1813
918
4255
6169
3998
8066
5237
5102
8122
5252
1884
7700
3625
7118
4414
2844
3555
20
1007
1360
3374
7747
449
6034
5705
2060
3090
5621
7275
3286
4516
4327
187
6353
3972
4655
5344
7949
2994
6187
2165
6311
2904
7610
5935
1647
5957
278
1664
4476
1520
1399
4429
881
1671
3425
5116
3154
3565
7588
6607
3152
7001
5904
5579
3831
6811
4828
4067
1757
6676
40
2723
7115
3363
3059
2663
2612
8036
3573
575
4887
4590
5022
4239
6991
5077
8181
1309
2954
6000
8025
2313
3571
1599
5566
8031
1884
2696
7215
4125
2388
14
1128
3172
2461
2184
4758
7971
2466
7919
6355
2129
3538
6861
911
1238
542
3994
4004
7135
7906
6551
3611
2867
4546
5163
3139
3312
3519
8108
2366
7718
6343
3421
4072
5345
3171
6947
5312
620
3742
954
7437
2942
3439
2670
4085
4858
2750
545
4264
2193
4078
6839
2862
4736
4544
5369
7617
5761
6020
5642
3610
4215
7615
1762
4195
6546
7482
7273
7333
2788
1528
2342
7650
6894
3735
3064
150
6151
1718
1091
5928
2326
7524
1924
1923
7893
794
6247
1048
7867
6605
5439
1941
7345
2025
5129
3461
2407
731
8118
4126
8025
1666
3686
5671
5476
5923
5389
8110
3541
7236
4554
3193
6263
7647
5429
7674
417
3027
4026
3212
2423
4160
7354
1161
3426
2730
3667
4877
133
2200
632
500
1847
7699
8001
7675
924
7456
2718
1574
2240
1531
7641
5672
2087
6098
1684
5962
6751
2808
3730
7509
2310
4515
3882
894
2450
4758
6401
553
1341
4145
3674
352
4809
3914
5088
3005
1763
1222
1874
7552
3816
153
3545
2150
4134
1678
7913
7799
6290
6724
5786
6130
3493
3035
2022
5756
4641
36
7163
3936
4075
3699
68
3029
4884
4571
1453
4818
3447
1105
8177
1318
7413
5691
4344
835
5514
3633
2619
5049
4929
3578
1326
5158
827
5794
6775
7242
1067
5575
2916
4121
7844
3014
194
6632
8038
3235
6096
1689
7560
1718
4308
1702
7272
5130
5351
3701
1700
6182
229
2124
1514
5423
5822
3477
2447
764
4313
5206
3473
1225
2174
6530
3604
4500
3802
3528
4887
7818
4167
7775
6184
4643
7458
3457
3364
2967
5145
662
5163
3217
2996
1551
6974
2582
7651
4818
1800
2385
4914
2841
2045
3359
1282
1456
8065
2903
2793
7145
7783
989
7279
2500
3795
6321
5710
5520
5407
1694
4023
4288
4979
5568
4242
1889
3189
6745
1680
6737
3708
5024
8132
7558
89
4233
4877
5199
294
2721
4051
1485
228
4043
1817
5222
2781
3069
2679
2253
3997
8138
7889
567
3832
4595
4942
3487
3080
2566
4139
7635
252
2388
871
6249
1663
5591
5371
5670
5896
3818
396
7657
8171
1041
3118
6353
6510
1263
3746
3787
126
3085
5584
5361
5974
5611
7694
3857
868
7913
3101
7613
5776
4469
2635
3200
7977
3514
1480
7547
5475
5127
7105
1258
3105
636
5978
2204
4426
5278
6096
1974
6283
3714
284
3527
1727
3947
1677
424
2971
7814
3687
4128
7745
229
7112
2375
7267
5070
5627
6554
4023
4376
1074
6872
5149
4241
6556
6980
2627
6273
4700
5019
6526
5022
6075
7552
6148
4666
8095
2674
7882
7222
6008
1801
2878
5638
5195
1279
5362
5100
6852
567
8037
5243
7397
5509
1232
4764
594
417
4490
3875
7496
2758
1352
4130
3832
1757
7704
257
6633
6302
7941
2042
5856
5933
7569
3093
6554
4810
42
7452
1380
6329
7512
5598
4908
1461
6036
1898
2487
842
3011
3090
7173
6944
5484
5819
2088
6400
3325
4364
2670
1267
5755
4607
7363
3448
5506
7435
2698
3884
6632
4504
7812
4801
1307
7300
1823
4948
628
3680
6250
1853
6084
8041
1933
2469
815
4654
1500
6866
4603
4069
1176
5447
3729
4330
6396
5836
942
2371
5608
3822
6509
3382
1923
6504
7750
4695
140
2456
2087
2147
943
688
1760
6171
5918
6452
5383
5374
2855
5889
7094
1076
5280
7057
3324
4244
7801
7038
7585
2668
6161
5220
687
3990
6758
3940
6920
3461
5642
1749
1019
8121
8071
2811
5662
207
3744
1121
3361
7042
4265
7954
7674
56
1113
5882
7201
1008
6064
5281
7728
7192
1
4415
8164
1615
3744
5500
7197
6284
1982
7618
2909
3863
3329
7448
691
2167
2601
4351
6284
1128
4185
1406
7112
5410
2607
771
4870
6326
2373
3973
7060
810
5698
2042
5237
5888
7144
6828
7438
4603
6483
4886
623
6553
2347
5168
6087
1944
328
3706
4799
7837
2888
2980
3308
5649
2398
4926
5188
6283
1055
1937
2534
3816
5108
4098
373
976
3048
4651
3306
6488
6491
640
3297
4905
6778
7276
323
5878
2571
838
7192
4602
1706
195
628
1379
6673
3757
2727
7346
2222
6698
5335
2142
5193
1055
4239
1171
6207
7799
1041
2973
5288
4729
1119
6789
1709
7948
1938
6518
5790
5719
6038
7456
2010
7651
4504
202
1814
4394
7600
3679
1752
2406
6525
3196
4368
6196
7185
4285
6778
3286
256
7083
1863
3220
7497
5483
4037
454
5160
1045
5672
7883
3734
16
4670
6975
5425
544
4428
3864
6079
3136
1793
4210
766
4124
4459
1177
5301
1932
4958
7094
5870
5239
7159
5414
638
24
4789
2172
3291
4671
4028
2521
1450
4889
4196
349
4880
4651
6048
7311
5966
1478
7734
4549
5563
2037
5829
2622
4642
7369
42
214
1298
6562
5492
7949
2009
4545
7096
3979
1482
981
7983
4259
4078
5817
6579
3035
7694
7691
6237
2900
7236
4886
2499
3497
4232
1150
7546
5834
525
4187
892
6254
8152
2520
3958
4149
3486
5595
4701
3977
6842
4220
2772
7659
6297
121
3796
3402
4863
7544
1267
7793
5098
6076
2586
2716
5002
5406
4318
8079
5564
991
6584
4940
7888
7454
6766
2083
382
2744
3036
4845
7939
2346
7641
1610
5162
1470
2182
463
973
2435
4090
122
6283
3981
1395
846
2164
5138
7129
2510
1503
5290
7743
5381
5097
1179
4804
2550
1966
7723
5430
211
3695
8017
6586
4550
3625
7110
3385
4919
1342
882
7958
4369
795
5818
3663
7873
694
7845
3614
4447
1934
6574
7517
2315
7331
4727
1923
5569
6966
7941
735
427
73
563
4574
3577
3772
1399
3286
153
6859
2843
5170
1910
424
3072
7632
6562
1993
3353
60
295
31
6316
4556
5775
7325
1234
5980
143
5104
2603
7957
5922
3291
5854
7918
8112
5999
2611
2619
2250
7921
2951
7115
6701
5559
7198
6731
1240
7792
7587
3333
1548
7015
2246
2306
1036
3604
3957
2090
3545
5411
2789
5978
4252
2271
3420
1991
1213
516
1812
5192
5887
2603
7982
7728
7662
8075
3713
7414
5385
610
741
1996
4719
1250
565
458
7654
7081
5893
7089
4627
3598
6815
768
5946
2888
3718
268
7252
4709
6712
2045
4355
5436
7595
1400
3498
2178
6803
4241
2065
6876
2525
697
3208
4631
7620
2563
2091
4297
1836
6636
3797
978
1229
4152
827
5150
5055
5753
1444
7849
5194
670
1447
4262
7517
7832
4420
3948
8187
3605
6275
4325
5478
1495
2140
2253
4216
5619
8030
4064
3702
1503
7580
325
4481
6040
4406
1153
6400
4639
7541
2919
75
2853
7148
2421
1565
560
1453
2258
7706
2898
263
3924
3375
1667
694
6902
3564
5664
2969
789
447
260
6336
3170
3354
5410
8068
925
877
3464
3938
4493
5396
5665
5794
7824
3867
289
5204
4353
1312
3599
1144
1762
3768
3688
721
7971
1286
3853
6277
3115
1146
4767
4382
1276
4108
4001
97
7926
4271
4120
2148
5347
1418
4674
4256
7293
1345
4260
5455
3540
4861
1918
1737
351
5749
4425
6199
2171
3267
1331
7812
3698
5369
7996
578
1624
2816
2879
3970
6686
3953
8069
5499
3315
2622
7505
8140
2932
4804
3222
3580
5923
8133
6546
7251
2402
3535
977
7384
6473
5345
3857
7837
5246
477
1178
3696
6628
5898
2789
1534
2917
6469
6660
350
3488
6464
227
1325
7640
3325
4794
7748
7534
252
6726
7252
1195
6743
1790
232
7448
6501
4541
7268
1158
3999
1636
463
1809
4927
6477
4627
7275
7378
500
2130
3217
392
7146
7638
626
6295
3207
4237
2766
548
2527
6030
2154
7678
7061
5051
8088
784
7387
2123
7573
2206
2474
7104
2555
6981
4282
5270
6180
7210
2688
2577
6086
7955
7773
2620
5550
6754
4620
7410
7710
3714
981
516
7320
599
6664
618
7867
457
1115
6289
4782
5316
5644
409
334
6447
1006
6459
5598
6497
2499
793
2820
6780
5138
5744
2146
3308
2460
468
2432
2148
7121
2334
3095
5475
2754
7004
1490
7864
2256
2410
8077
4374
1483
8007
292
6928
2928
5144
5586
2639
4269
4289
882
3382
5342
8189
3563
5480
3078
8170
4658
3148
5647
6704
2127
337
267
1925
5420
4215
4547
3961
6424
5623
5677
5661
6972
5850
7831
4606
5900
2259
4542
6265
2447
49
333
6461
3633
7433
3961
836
5831
7010
7733
2961
3897
2878
1010
7209
643
2225
6590
6877
2029
4164
4016
1990
3279
5175
6706
2900
3187
4908
5594
61
5048
3554
4402
7177
1977
5766
2626
1347
5064
5178
7853
3051
8082
4951
5082
7083
3774
4042
6153
1398
3874
5737
869
4357
4291
3035
954
5796
7
1168
3024
7272
3976
3707
5904
7837
4205
2626
5942
3867
5734
8
1533
3531
3588
1041
7364
3985
7005
6402
5419
3859
6868
5873
7486
5042
7094
7843
1320
5281
882
5114
3857
1620
3019
1972
2987
7239
3001
7394
1504
5817
5441
2492
243
1006
908
6719
3079
3358
5962
2268
3059
2675
5145
3270
5086
2306
7511
1827
1778
7719
3853
5479
2949
7435
5094
6008
4196
4947
2772
302
4138
4341
271
2317
8041
5539
4624
1607
5686
6068
7726
1035
2957
1756
4377
1456
5966
5307
4929
7035
1410
3415
292
2159
6388
2313
1481
5066
3322
5323
3210
4746
858
5245
7797
1666
2013
6812
6823
2386
4409
7032
3946
1476
3943
7748
1895
5120
7700
663
4566
4502
545
6959
7767
5050
7335
5090
6479
4047
7937
98
2805
6619
6560
7202
6848
2791
7431
3980
7023
5594
6283
6676
2639
2983
8131
1814
7333
1051
2465
6166
7590
2450
1809
5084
5842
6877
1787
2320
3188
4584
5895
8011
1875
3005
3536
777
3068
108
3503
2378
216
3790
3457
3340
3234
3052
3557
4275
5666
7175
859
5450
3669
2503
6833
5216
7523
753
4505
371
6186
163
2941
6734
6561
7701
6001
1461
2478
2377
1469
2758
424
7593
5935
6176
3331
3827
7849
3101
1771
7574
5846
3320
1082
4977
4095
6592
4099
3550
2131
2462
3055
3554
3026
4342
594
3162
2602
8128
4630
6484
4548
3755
7549
7514
5471
7899
6191
4222
3340
4694
6398
1644
7515
8001
7572
6841
6698
4605
3452
4749
5460
3918
1482
2826
4293
1081
5749
985
4649
2997
1984
4518
4844
7709
6772
7525
3211
3769
7841
5573
5738
446
2004
657
1904
5027
2802
1
3314
4838
6026
4306
7852
2243
7760
5750
6610
5312
6634
3284
2553
7655
632
6604
1650
297
7147
3262
7746
3476
7580
392
2854
364
2303
6607
7810
4436
1479
3614
6030
3305
3894
7728
3567
5423
3975
4953
1546
560
3104
3356
7946
2449
6848
7581
410
6649
7680
4710
6024
7133
7231
7982
846
2564
4341
52
2471
7384
7513
1879
2036
1106
4886
4944
794
4968
4587
3605
2819
1483
1616
239
4621
6438
3844
3803
7888
7137
804
6000
7471
1378
5067
5687
5138
4617
7110
2456
3493
534
5827
4250
3927
2691
7270
916
221
2911
7266
7694
4800
5671
7936
2136
3466
6871
3246
262
3217
1944
2809
3106
2526
6598
135
4050
6257
7040
4399
2683
5306
6261
4047
3840
3554
1043
3885
1402
2780
6652
3540
1195
6944
3312
5098
2446
3551
1062
2399
1078
5908
3767
3808
3235
3262
2860
7222
2693
4092
2596
5443
4413
3653
6480
1124
848
7518
5159
4096
3030
4918
5988
6007
7128
4464
2039
3208
3590
6849
5014
3102
2797
4909
3981
5652
5245
8007
1671
1352
1026
3135
3009
1400
3406
4148
7982
4590
1972
7330
7663
3868
603
3675
5059
1615
387
4278
7138
5846
7032
3670
2850
5592
2735
3706
4931
7815
7317
1059
6655
5969
1444
3249
600
2436
140
380
1711
2923
6385
4347
708
488
3039
7872
6306
6065
190
1424
511
4799
4653
6287
7103
3310
4307
1292
3709
1677
1296
2037
5477
1764
1019
6818
8008
748
7785
4715
4322
5057
4568
355
5161
411
5324
6805
4827
2419
1798
1229
5517
7620
87
6661
5901
5094
5766
3638
2422
857
521
639
7276
6155
2683
3716
2337
6228
7929
1754
4252
4958
2001
4073
3861
5255
3595
7678
7786
6213
6926
4829
6129
351
4443
4430
4020
6773
2566
3211
7831
1041
1010
2040
391
2848
4291
3218
7286
1718
8090
1605
27
1623
126
3913
5934
5840
4729
1059
6021
3544
1737
4999
2929
1565
1501
2480
146
5502
3498
883
3687
2802
5106
3531
4183
8139
2548
6438
2027
4366
3906
2794
6941
5794
1817
5507
2519
3596
1030
93
6527
7209
825
879
3766
361
7647
1908
1472
8131
4582
376
2529
252
6488
4284
3933
6839
7038
4043
271
7993
4993
474
98
6676
7668
1456
1732
78
5790
6069
3301
2602
2410
8012
7578
7769
5928
1672
5994
3872
4049
4193
7243
6432
4353
3613
468
6102
5928
2784
2959
149
2114
4778
1121
4746
7273
5695
2962
7518
5508
6007
5076
7086
986
1778
3552
836
6216
5948
1174
3529
1882
4251
4544
1847
5916
6032
1910
5817
2261
7113
3405
638
5057
612
1807
6252
1939
6281
2024
3760
5257
6702
3847
4051
6392
2047
7889
2209
5876
3907
15
6158
3239
2932
297
3264
6754
3843
6885
414
1884
2339
1276
1327
6268
3446
8137
3779
8114
6037
5739
7964
6640
2763
5641
95
191
7652
27
7409
5177
2337
5267
6378
5682
4912
171
4655
3386
5280
7831
5167
218
5692
3792
4490
1890
2093
7439
548
7133
7831
6886
4906
1012
1467
2202
940
3232
6300
2162
5692
6124
1333
704
6416
5466
4311
3753
7933
6802
7004
4768
4310
748
5541
777
4194
6560
4846
699
329
2568
8121
3149
1915
285
3632
4572
193
1341
2348
6372
6550
2738
5477
4388
5439
4253
2700
4859
35
938
7939
224
2689
7371
7858
7209
3514
4376
3808
3197
210
5438
3920
3811
5084
2349
7644
6832
3981
4677
2113
5148
4118
7557
1498
1817
6642
108
6745
5174
231
6997
3530
6357
1918
2253
1402
7048
2584
5356
7541
2902
4145
481
3291
7069
3291
3423
6336
7705
5475
6256
6785
6632
4192
2998
3795
1804
4572
4892
6008
173
2672
5305
5798
164
5951
1691
853
1180
1312
2479
4778
71
4848
7847
5748
4485
566
1495
5277
4320
1549
1380
6139
3555
5674
7993
115
1916
4353
4167
7321
3202
5707
5985
6915
4473
3075
6576
4067
6311
5315
6580
253
7173
3816
2406
799
7196
1535
4608
1110
2765
5037
4435
4501
8046
4279
6376
8068
7247
4258
632
7536
218
438
6399
1775
800
7058
2383
7091
5084
7768
963
7337
7536
2789
1590
1722
903
3661
2599
1049
2009
5667
7993
7383
5229
5463
3242
6426
2035
4949
4521
7385
5703
6411
801
7359
1839
752
1772
2971
460
2379
4806
2729
691
6180
7116
7211
5836
7194
2633
6183
5451
1076
4860
6545
34
4088
4023
6355
4393
102
6305
3221
5816
5744
3596
3649
6509
7014
7041
3943
6669
6444
5922
2078
5685
5590
6647
7706
4861
4028
889
5713
4728
4194
167
8057
743
3624
2718
5978
5032
5673
7706
7311
4903
7604
3458
4799
5395
2297
5255
5951
2821
6588
6950
3788
7133
3811
7995
701
4829
6441
5890
6777
6505
2302
6983
972
2014
7212
1074
4769
5037
4926
425
7065
3213
4189
2949
669
3713
1234
522
2897
2554
3034
7648
4482
1922
7535
550
436
8126
2698
4725
5696
7266
6291
1194
5662
642
873
7096
1838
7341
721
899
5836
4271
3371
3426
6572
3807
334
2204
1939
7403
6791
3069
2224
645
741
5054
4962
5816
7470
6783
5205
508
1491
321
3879
6150
5141
2350
5820
692
5516
3618
1704
5595
1378
4271
1128
585
950
7794
38
5449
2650
7674
8100
2206
612
2062
3313
5094
4612
2278
5178
642
248
758
5996
4446
3311
2259
971
5188
5643
2424
6373
7261
196
2964
4016
1528
300
5212
4983
968
7346
5892
6474
1313
5303
5791
4226
681
816
6542
7342
8101
2687
371
2058
7038
5732
3698
6613
1029
498
6549
2827
384
6798
295
6452
1352
1956
5587
2372
7322
3919
7370
4605
2317
5676
7246
4828
4388
4997
4031
640
8042
7570
1867
6000
5229
3678
6680
1567
2878
4300
1608
576
2900
4241
2362
6589
38
778
3562
4502
4439
553
3406
4893
5930
1832
5104
3448
1145
5778
5134
7897
1610
5974
1371
5942
6258
5366
2969
3022
241
4132
3269
3866
2315
743
0
6954
4098
3632
2072
4290
4131
2165
568
5291
950
1682
5516
1516
4417
3120
5653
7740
4665
4100
3204
4181
2874
2041
1375
6520
36
4824
4166
4673
5124
7216
4132
7333
5140
3488
6666
7630
3514
120
7237
6296
663
7584
3514
1277
6314
5830
388
2464
6989
1535
3562
4101
1001
5670
7771
696
3416
5285
476
6840
4285
6502
6407
145
7216
3004
7362
2888
3257
5856
7221
346
7316
3522
4194
1268
3535
5456
7447
3015
2510
6542
731
5112
3997
3687
2801
5470
7355
893
2730
3908
4810
2810
2987
3343
152
4921
3060
5742
1478
6395
246
1390
2054
7342
6947
8006
1378
1657
3290
296
7138
2925
3226
6574
3330
3700
5094
2883
1288
7974
132
3326
3042
7003
7194
520
5901
6255
4052
6527
2935
3037
3611
4120
4346
3186
6251
3464
6128
2474
2057
6953
917
7687
4882
8049
923
1313
6969
6749
1023
5308
1336
5105
7776
5861
3045
6247
7230
348
5905
3299
1522
3609
5165
7230
5783
8039
5315
6684
7889
6154
5506
7956
6582
4651
3863
2200
1130
99
6495
4025
8009
3597
1545
3273
3065
2368
4191
1815
7641
2732
2611
6821
7264
932
2243
5207
1559
5518
2467
6339
2237
6228
5817
6326
4063
1078
2621
7320
447
5276
283
2860
5500
7564
7310
4586
3156
376
7029
1193
6621
1093
3498
6763
2419
4147
1630
5643
5223
204
4136
752
3597
7689
729
3161
109
1124
1654
834
4328
3813
2912
5326
3696
4193
7700
3395
4495
7306
3158
2825
2523
3789
4889
3959
4292
2359
3180
5788
4274
407
1977
8191
5802
1939
1343
5911
5900
4333
7877
7187
8027
5903
4986
6865
492
7195
3940
467
4357
3168
1387
7451
1489
7900
2572
1385
4554
7523
3953
5521
1898
3564
4481
5078
4764
2515
7537
1129
3722
6103
6444
6738
4187
5058
3662
5667
7437
7850
2030
7661
5255
4213
2528
6993
3133
4946
1451
5196
4458
4616
1747
347
4549
3958
2808
6886
1450
4136
1154
4295
424
5129
5999
4605
6451
7953
1821
1212
201
969
3142
4788
6358
8108
7844
930
7639
5909
6528
5263
4867
5947
5768
2208
7201
5746
512
3993
1211
1319
4730
3577
1219
231
621
2453
1154
7370
4838
568
5868
3561
2986
4500
6320
2702
3974
5866
1933
6822
1626
4620
5268
2671
2602
5514
7838
3975
6472
5265
1164
6439
2594
1550
466
7386
415
1009
6971
596
4407
633
1660
3141
2097
5496
6728
1915
3980
6348
938
1346
874
355
3587
4017
6402
1665
7442
4767
5078
1870
1037
840
7099
5993
7787
6258
4525
398
4956
6094
6163
702
7423
4066
6782
5671
1107
1797
7994
373
5589
7053
5070
3398
5192
398
3654
1574
2438
3472
5281
3865
7378
5319
1422
36
7534
5680
1845
3264
4170
1890
6521
179
5405
8121
2216
667
7205
176
3308
1873
1715
4972
6411
2464
540
238
6237
4171
7984
7115
7186
4021
3151
3367
4466
7946
7488
731
6879
133
1787
2890
2353
883
2138
3015
3942
8022
1680
4495
7987
313
3169
5626
1513
732
4030
6651
5869
5743
5685
740
6704
5630
7625
5557
3227
1817
2228
3414
8121
7700
5509
2352
4991
2265
3515
3416
2335
6964
3140
4310
370
3923
4381
1618
3161
3276
935
3051
4934
3995
138
616
2987
3983
3008
1019
1826
6466
641
4652
7954
970
1686
3503
5565
6201
4191
8033
5485
3712
5884
6743
5195
343
6900
6169
3905
4596
325
6419
4214
5213
7837
5968
7628
3049
627
2943
3041
4746
18
4291
3703
321
1061
4880
5169
7246
3575
4237
137
4965
3514
6338
2986
4473
3019
3996
6215
3173
1522
5712
6034
7901
980
5216
765
6105
4316
2603
4292
2101
1739
4228
1965
3270
3735
7539
546
7307
7840
1582
7308
968
4460
876
7676
3004
939
5135
2717
5361
7956
2719
5512
588
6216
3528
2713
4541
3628
6212
7673
7176
2320
7933
4829
7947
5038
349
4384
3004
417
400
739
7286
3243
5717
531
7144
1565
3127
3
1315
3021
7441
3493
409
3114
2830
1589
7035
7171
5788
1006
7328
2436
213
2931
565
6954
189
658
3037
1333
6432
4219
2254
7943
3054
6642
264
328
2000
3076
6616
482
72
632
2978
6781
533
6122
823
5743
3601
5577
810
785
6688
6819
7989
4308
4792
6624
5257
5304
6046
5800
345
403
7548
1662
2267
2668
5076
2322
5996
2545
1375
3143
989
1134
753
6558
1192
1430
1073
7403
7777
4447
2954
7333
1267
4020
2113
356
5688
4840
5572
5533
1443
4135
3871
7691
7161
1660
4707
3777
4691
3181
2931
5564
7738
5731
3789
4754
7252
1987
5922
6067
2450
2469
4825
2649
3848
1268
7002
4129
2855
3975
1168
6488
513
6283
4603
2232
4282
5339
3034
7240
1544
1243
7363
4853
459
7609
6553
3973
1954
1581
44
2856
4989
1923
967
6004
843
4694
1614
5718
450
7400
5523
4442
3432
6842
4727
2737
4975
6208
7454
1358
5002
6203
4563
22
5315
6589
1746
4622
4657
7005
7668
7000
5187
5891
6533
5586
5629
35
4159
2114
3788
4495
1849
4462
7238
4383
594
1203
4993
1773
3047
76
6436
6463
5648
753
8069
1815
5130
5527
1244
7577
1277
3514
2504
2058
5655
7353
7358
6185
5985
3673
4060
665
4630
3164
73
6829
611
2276
5331
6778
2316
7745
1695
4603
6382
2614
6819
493
5042
7729
4768
7863
540
7980
7394
5595
3594
6317
3913
6368
7807
6650
2078
6860
7059
5861
6074
7939
3489
3659
2554
7303
7692
2549
802
633
6959
7208
7841
2481
7506
7185
432
4122
6918
7230
7261
683
4736
977
6960
899
5078
543
3350
7520
5692
3978
6624
6054
5102
2168
2990
5822
697
279
3900
7683
5181
599
6542
6229
3229
8094
4175
5962
3357
7727
4331
6897
1805
2781
591
971
2580
7801
1303
1264
4954
4358
804
955
5325
7302
1125
5233
2165
7345
4202
3604
209
284
3182
762
6490
2780
741
734
5196
3724
3842
5324
5340
5588
5387
5069
5544
246
5216
8095
2384
2820
3991
2347
7716
5680
2790
5898
6556
7188
4605
6652
2363
5816
4683
256
5350
5405
7213
7348
5047
5714
6536
4661
7655
3326
7644
2736
7160
1154
7619
6434
593
5063
1906
7826
696
402
6729
5036
7738
3875
7018
6132
542
5598
3397
3559
3889
8081
1530
3175
3053
3173
46
2615
455
2556
6714
3910
4367
1023
2835
1410
6623
5685
4460
3217
6985
3029
3918
2734
2699
4481
6391
6766
5923
6630
1503
1998
3614
2734
1063
3524
7119
5386
6670
4340
1226
7340
2151
5190
7836
6523
5155
768
1222
3895
7139
1395
1082
3306
2951
7142
213
4266
287
4147
3114
3691
7777
4762
4359
5608
1138
6553
7132
7441
2981
6177
7739
1435
1834
1452
615
6667
5963
7432
6261
5152
3199
305
8002
4609
7609
273
4619
7933
785
4370
3357
5234
5221
7638
7168
3607
2089
3919
3935
5628
6254
1795
1079
3366
2595
5615
7483
5859
2125
4029
5977
39
7179
2956
3683
403
6767
428
7255
3827
3161
586
2901
7689
4160
4088
6240
7087
5197
7709
7187
5563
2099
7180
5702
2445
1294
1544
3907
4670
5127
3881
2338
478
105
1677
5998
6238
3938
7847
1224
1383
3933
4733
3976
2814
1912
1070
5361
7154
6025
4626
7933
7492
4758
334
7479
5456
7431
6948
896
1343
7026
1041
5862
8069
2801
4711
2786
5031
7422
4
7746
6847
7755
2750
6660
4871
5495
1958
3189
5291
5278
5013
4133
3466
1035
6674
1079
7867
2707
2906
2452
1525
3717
7432
1715
5602
2001
258
5952
7257
495
8026
407
6555
6911
5146
5143
4734
7440
6610
2802
6476
2742
720
7163
685
5712
6212
4920
1275
3213
604
1719
6956
1028
5627
499
4093
719
6404
1033
4054
2296
743
1154
5619
3492
7811
7271
7261
6906
5436
6905
940
3228
163
2079
6405
7460
5196
6647
921
7339
6429
5256
3920
3336
3649
3481
2049
6837
2267
6025
1587
1195
6758
5371
2490
3589
199
4225
5521
7425
6743
2930
5028
4463
4452
6471
4281
5724
7585
5352
6455
7309
1195
4667
5378
3506
6286
1376
3332
6509
5067
8171
7584
3887
6295
5393
377
3585
2047
1975
2745
5405
6823
1243
148
1197
6364
2836
3153
2704
2820
1986
128
3980
8101
3709
3511
6971
2229
4455
2964
8015
7190
4086
7000
4997
2263
7113
6894
945
1004
2915
5670
6458
2962
986
1967
3107
2685
4895
8148
3222
4890
6193
8011
7197
3906
1640
1686
2849
8172
7293
5434
423
4501
2413
1461
5652
6022
3317
7483
1984
1195
1610
5362
7647
5262
7591
125
3874
6755
6378
6275
5685
848
6795
355
2423
5466
934
5690
3272
5053
3474
6430
6154
3743
8132
2801
1496
6936
4904
1619
2006
143
6990
2992
5260
6365
6962
4201
1715
1358
3416
5957
1754
1519
1803
3987
8017
2193
7584
1952
3318
4304
2964
1214
4916
6446
309
6681
3411
5312
240
1500
2515
5165
7391
3637
6447
4816
5813
6147
646
8066
7646
4904
8122
6765
70
5618
565
4992
168
6354
7522
5387
7801
4046
8012
6943
8060
3934
2572
2063
7715
8116
6950
4931
4782
2029
4006
5489
6197
2991
1184
5116
1568
5165
3967
423
3440
1311
6488
2295
3202
1999
7744
4500
3353
5582
5836
706
8138
7684
1779
2363
6638
7063
7796
7235
2711
6243
6154
563
6069
4031
2951
7714
3608
2076
7697
6020
6320
2945
3214
1565
7084
5169
5707
3303
930
2441
6985
312
7819
2744
4978
5518
4682
1048
7699
4611
3230
696
6276
6258
1296
1235
6295
6044
558
915
6893
2982
7431
5315
2157
6009
7668
7057
1258
7046
2468
895
1777
7242
2913
2710
980
4550
4537
4505
5234
3332
6297
7790
7529
5449
1530
3586
640
1989
2021
7260
7104
3997
563
1616
3312
6077
3554
7712
947
3671
404
177
6503
4302
3530
8082
3701
947
6147
7952
6897
3418
7478
2431
1099
20
6020
6603
4181
5680
3682
733
3794
7260
4134
6064
6029
2410
1370
6846
2999
2833
2134
2007
7199
7386
7801
5529
906
6093
717
5568
1955
4397
6292
3233
4005
1200
4402
4755
4258
1480
1108
8096
1561
1152
5735
2321
777
6793
3417
2174
5892
871
7042
821
2963
1411
751
1378
1140
7317
5475
6392
5461
7907
6899
5280
1910
2076
3032
4191
1147
490
4309
3600
6665
1670
4337
1279
1892
3907
7818
5773
1671
2324
7956
2838
2315
2150
4311
5650
3661
4123
6053
4520
4301
3727
2506
6298
1950
3437
2174
3966
7183
6267
4543
6514
3071
5462
2259
2163
1240
4641
7360
4099
2031
82
2659
1781
3266
2912
6182
4864
233
5621
3026
4115
4847
4254
4373
5481
2379
7182
396
3668
6095
8062
4247
3863
4875
6332
4081
12
2112
3536
2576
7077
2795
834
1280
5217
8134
7401
5863
507
3238
5434
3271
151
1942
275
6684
4129
6336
2236
4029
3361
149
3155
1865
5313
7141
1394
4598
6019
456
83
6743
4864
6744
3176
4296
1158
3381
7060
4075
5227
2029
5008
5438
5824
6147
2470
7826
763
1527
5299
4659
2821
7656
4161
2584
12
4596
5608
2833
6712
6976
1542
2203
3435
2695
5036
7542
2244
2453
2068
179
1580
348
7253
5761
1884
7243
3608
2344
3858
6991
6309
7737
335
7926
2816
3063
35
1337
6237
2758
7875
3464
4531
8089
4125
5929
138
7456
6851
6298
7396
7175
724
253
873
4967
1357
4642
3764
5595
733
5085
6575
6002
4544
7783
7041
1056
3773
2937
4698
4721
81
6982
4764
4077
649
2965
881
1163
2319
8107
908
6204
6571
4329
7940
1045
5106
3455
4019
7864
704
4256
2641
1813
4140
580
5434
5753
698
1095
5246
5841
2664
2214
7158
2705
1983
649
8092
5868
3079
7160
3797
3519
4634
5445
231
3062
8113
7165
2343
5520
6993
3610
5334
5741
6978
1249
1954
3540
5131
4940
3319
535
3351
5171
6564
1606
5883
6569
6277
980
3477
4278
7278
4298
3094
3957
8007
3283
2472
1208
3972
3505
2368
6908
5425
2126
6028
2106
4441
4332
3677
4814
897
3349
2076
3160
5928
6618
816
3767
6996
4485
6540
3015
7223
3610
1524
6894
8008
1143
6529
8055
5236
5133
5108
1451
8035
1495
1602
3231
7592
5865
7322
4272
3451
4252
7948
6079
6341
4903
1045
744
7965
2410
6395
1351
7570
918
359
5847
7547
7082
906
7543
1176
911
410
6926
7767
4417
4916
2610
6439
6168
5515
5268
1382
2883
6996
3545
3185
2096
3280
754
5485
7341
5798
321
495
6841
3515
5087
1868
7157
2868
6845
31
4842
125
2823
7075
3664
1865
2302
3861
7365
622
225
6221
1353
3732
7787
5761
4315
5189
7486
5949
2433
8019
3577
3527
5592
5211
4464
1055
375
3951
6474
4929
3385
185
1074
206
6271
5700
6598
5468
2551
1895
651
1033
2723
4444
5780
2695
1344
8041
1707
7030
3602
7674
1019
5179
2000
6540
1612
2494
6096
5561
3189
7009
4187
5465
350
1538
6097
7696
1481
6995
5581
1712
7713
7220
706
352
864
5904
751
611
5791
7044
5437
4818
6557
7253
2993
3840
4806
6624
1151
2194
5166
6478
6198
2947
3755
2068
436
321
7776
3963
2821
5957
4230
1181
5390
6250
4443
7372
1741
1375
2200
6725
3512
1603
1201
3462
7499
56
5193
3873
3458
2546
191
1398
5189
2390
8157
5097
5927
2333
7011
7500
4011
720
6130
3684
3991
4044
4510
6975
890
3265
886
5346
7882
3422
1346
1711
5637
6746
5150
7175
3596
5550
7245
7362
1349
7282
7794
6284
4835
4381
2805
3169
5255
4897
3375
7229
5419
3574
7667
3081
8145
7729
4574
2785
3480
1945
6878
3486
3569
5078
3517
6013
1211
1990
3761
5886
5350
3258
5336
3597
5194
638
4216
8172
4913
1397
6319
31
4390
2149
2335
4090
241
4614
725
7753
7591
1793
2221
4607
6770
5035
5344
7681
4264
4458
3814
5963
2675
1469
3073
6429
4505
5545
785
6596
4365
2357
5049
607
1092
3493
7097
7984
6806
2276
7069
6029
3898
2774
5953
4304
1902
7188
4638
7136
401
977
3855
1215
4408
2674
8143
6848
3439
5516
1008
7397
5763
4488
6184
7250
6684
230
6178
46
3713
5847
6290
3312
3704
3070
3915
4832
7447
1133
1155
4186
4516
5789
8181
3852
3030
1342
7192
418
97
1483
5554
278
3118
6527
4562
1065
1962
3614
6765
2062
3216
5483
215
6859
5831
6333
7935
2531
1581
4546
992
6441
5507
3377
5482
3831
3952
7331
510
305
7029
6798
3191
1263
4121
1853
1574
5757
1780
6492
504
724
860
2440
4581
7196
6401
5936
3773
2925
2253
1645
7440
1800
7030
8136
6769
2893
3885
1973
2029
2946
3774
1935
7366
7174
566
5836
2967
400
8160
69
79
3966
2302
4390
4110
2234
487
5864
6196
2373
5001
3554
2046
3520
3619
7531
4403
4116
2161
5840
4233
3195
3457
3770
8155
2762
3498
6475
3730
4772
8149
3784
5062
7313
5255
3634
4018
2567
3107
6541
6563
3481
1954
1404
89
6165
4234
233
860
6446
2739
3502
5047
1015
6458
1847
2762
3491
6749
2771
4587
3224
2379
1165
163
3779
5607
3608
5777
1492
193
6664
2781
2508
4522
7599
6010
6482
1784
606
433
2101
4635
1426
6801
6005
6566
3445
5601
5184
3010
2851
1202
1301
8149
585
277
617
7407
7733
375
2550
7433
1249
1177
7888
8059
6639
7402
2701
5124
7468
7338
6013
3252
3338
6387
3654
2211
4295
77
7467
2104
1128
6872
7525
4852
776
1269
1783
3052
3952
4929
7634
4792
6908
6105
6070
5006
5583
5455
2155
1653
3622
2159
6038
4983
2900
7136
2339
6050
65
2135
1060
5299
4005
5667
3309
7779
756
3836
4378
2765
7015
3899
1470
5694
5602
571
2652
5798
8000
885
235
2429
4309
6046
6301
5882
5549
3704
130
6354
2433
6639
3265
426
817
3821
1214
2814
4545
3507
5475
5192
3756
7282
2767
822
2000
5148
5543
2582
1353
2084
2629
6831
2731
1041
1488
2011
5631
3913
419
5394
4395
483
3235
900
2904
303
4149
7012
3077
1316
1454
734
5085
3707
6541
7815
6446
7472
3848
717
3462
2984
1010
3115
5821
4809
6789
4151
3211
6238
6016
3429
7132
607
6185
7375
3364
2174
1911
7662
6500
4320
968
497
3485
4478
4260
1623
7707
3414
4403
948
4343
5062
2420
7952
213
3880
810
1837
6360
1940
3016
6011
5318
6337
2823
657
3373
1106
5924
7124
5347
3627
6013
4347
2610
7312
6910
1243
1529
7455
792
6421
1950
1557
3748
6756
6647
7527
5167
406
1000
1502
5025
2933
5509
4293
7671
7373
5589
5955
5506
1241
387
7847
1729
783
8190
4481
7183
7761
3382
2117
6125
3996
6057
2046
8082
4145
2093
1270
2064
897
3816
6732
5193
3462
7186
7542
4576
7318
6697
2687
6061
7474
28
2820
5671
5586
2755
7813
6103
2196
4582
5039
1356
4474
7379
7487
1988
6070
3825
8125
1430
6139
5043
4284
7635
2510
2982
6903
793
4125
4011
5648
3940
6889
5841
717
467
5234
2890
2654
1450
4313
6782
4059
6680
7181
461
3210
3955
4425
7628
3405
6897
4853
3709
4774
6946
6038
4378
3566
268
4612
1914
4820
4394
780
1468
4072
94
2871
546
3298
817
221
3990
4672
5413
4847
6787
1888
4217
7519
7236
1456
7478
5170
5043
5862
2056
4199
845
4244
4972
318
6852
3307
3854
6882
1644
2806
6310
568
221
4054
5575
7506
1913
4507
7549
4397
4472
7630
1031
4714
1913
5490
